217 217 216 216 212 212 213 212 213 213 211 211 210 208 207 207
229 226 224 245 225 223 224 223 224 221 222 223 220 218 219 218
226 224 225 207 231 173 185 129 195 144 190 223 220 219 217 217
225 235 225 229 218 226 225 177 137 212 140 199 220 220 218 220
226 225 223 221 222 222 221 220 219 222 221 220 220 219 218 216
222 221 222 221 221 222 221 221 220 220 219 220 218 216 217 219
221 222 220 221 218 231 189 220 231 225 215 220 219 218 217 215
220 221 220 218 218 218 229  87 228 232 210 217 215 217 215 216
221 222 217 219 218 213 170 229 228 229 149 216 216 216 215 213
218 220 217 219 113 108 114 148 143 106 230 215 216 217 214 215
218 218 217 228  96 110  87 219 218 220 217 216 218 215 215 216
216 217 217 218 219 217 213 218 217 217 217 214 216 215 214 213
219 219 217 217 217 209 214 216 218 126 218 216 215 213 213 215
216 217 217 219 216 217 209 216 218 215 216 215 214 214 214 213
215 220 218 216 216 216 217 214 216 215 215 213 215 212 214 214
207 208 208 210 208 211 207 209 206 207 208 217 218 219 221 220
218 218 217 217 212 212 213 212 213 213 211 211 210 208 207 207
229 226 224 227 224 222 224 222 223 220 221 222 219 217 218 217
226 224 226 223 235 199 213 163 215 174 214 233 219 218 216 216
225 220 224 236 238 226 239 193 162 227 170 220 219 219 217 219
224 225 223 221 222 222 220 219 218 221 220 219 219 218 217 215
219 220 222 221 221 225 220 220 219 219 218 219 217 215 216 218
220 222 219 219 218 230 188 219 230 225 215 219 218 217 216 214
219 218 219 217 217 214 220  85 219 223 209 216 214 216 214 215
218 219 216 218 217 205 161 220 220 220 149 215 215 215 214 212
217 220 216 218 121 118 123 156 152 117 221 214 215 216 213 214
217 217 216 227 105 116  95 218 217 219 216 215 217 214 214 215
215 216 216 217 218 216 218 217 216 216 216 213 215 214 213 212
216 218 216 216 216 213 219 215 217 160 217 215 214 212 212 214
215 216 216 218 215 218 211 215 219 215 215 214 213 213 213 212
214 219 217 215 215 215 216 213 215 214 214 212 214 211 213 213
190 190 190 191 187 190 188 191 189 194 192 209 202 206 210 210
207 207 206 206 204 205 205 205 206 206 204 204 203 201 200 200
217 214 213 207 214 212 214 212 213 210 211 212 209 207 208 207
214 212 214 221 231 193 212 163 210 174 215 226 209 208 206 206
213 207 212 226 235 214 231 187 157 220 172 217 209 209 207 209
212 213 211 209 210 210 210 209 208 211 210 209 209 208 207 205
210 210 210 209 209 191 210 210 209 209 208 209 207 205 206 208
210 211 209 207 206 219 179 209 224 214 204 209 208 206 206 204
209 208 209 207 207 188 195  88 208 211 204 206 204 206 204 205
208 209 206 208 207 195 155 209 209 210 152 205 205 204 204 202
207 208 206 207 132 125 132 196 202 160 210 204 205 206 203 204
207 207 206 178 112 133 102 208 207 209 206 205 206 204 204 205
205 206 206 207 208 206 206 207 206 206 206 203 205 204 203 202
206 208 205 206 205 206 213 205 207 162 206 205 204 202 202 204
205 206 206 208 205 207 207 205 208 207 205 204 203 203 203 202
204 209 207 205 205 205 206 203 205 204 204 202 204 201 203 203
183 183 183 184 182 186 184 187 185 189 187 219 195 201 205 201

207 218 217 220 216 219 215 216 213 215 216 213 215 213 214 220
207 219 217 218 218 217 217 215 215 214 215 214 213 214 214 221
208 218 219 220 219 216 218 217 216 217 215 215 213 214 212 219
210 220 220 220 220 218 219 215 216 216 218 216 215 214 215 218
211 223 223 199 220 220 220 217 216 215 216 214 216 215 213 217
211 222 190 140 221 219 215 210 149 230 217 217 218 216 215 208
213 221 144 212 222 220 225 232 229 106 220 217 126 215 215 207
213 224 195 137 219 220 231 228 228 143 218 217 218 218 216 206
212 223 129 177 220 221 220  87 229 148 219 218 216 216 214 209
213 224 185 225 221 221 189 229 170 114  87 213 214 209 217 207
212 223 173 226 222 222 231 218 213 108 110 217 209 217 216 211
212 225 231 218 222 221 218 218 218 113  96 219 217 216 216 208
216 245 207 229 221 221 221 218 219 219 228 218 217 219 216 210
216 224 225 225 223 222 220 220 217 217 217 217 217 217 218 208
217 226 224 235 225 221 222 221 222 220 218 217 219 217 220 208
217 229 226 225 226 222 221 220 221 218 218 216 219 216 215 207
207 217 216 219 215 218 214 215 212 214 215 212 214 212 213 210
207 218 216 217 217 216 216 214 214 213 214 213 212 213 213 210
208 217 218 219 218 215 217 216 215 216 214 214 212 213 211 206
210 219 219 219 219 217 218 214 215 215 217 215 214 213 214 202
211 222 233 220 219 219 219 216 215 214 215 213 215 214 212 209
211 221 214 170 220 218 215 209 149 221 216 216 217 215 214 192
213 220 174 227 221 219 225 223 220 117 219 216 160 215 214 194
213 223 215 162 218 219 230 219 220 152 217 216 217 219 215 189
212 222 163 193 219 220 219  85 220 156 218 217 215 215 213 191
213 224 213 239 220 220 188 220 161 123  95 218 219 211 216 188
212 222 199 226 222 225 230 214 205 118 116 216 213 218 215 190
212 224 235 238 222 221 218 217 217 121 105 218 216 215 215 187
217 227 223 236 221 221 219 217 218 218 227 217 216 218 215 191
217 224 226 224 223 222 219 219 216 216 216 216 216 216 217 190
218 226 224 220 225 220 222 218 219 220 217 216 218 216 219 190
218 229 226 225 224 219 220 219 218 217 217 215 216 215 214 190
200 207 206 209 205 208 204 205 202 204 205 202 204 202 203 201
200 208 206 207 207 206 206 204 204 203 204 203 202 203 203 205
201 207 208 209 208 205 206 206 204 206 204 204 202 203 201 201
203 209 209 209 209 207 208 204 205 205 206 205 204 203 204 195
204 212 226 217 209 209 209 206 205 204 205 203 205 204 202 219
204 211 215 172 210 208 204 204 152 210 206 206 206 205 204 187
206 210 174 220 211 209 214 211 210 160 209 206 162 207 204 189
206 213 210 157 208 209 224 208 209 202 207 206 207 208 205 185
205 212 163 187 209 210 209  88 209 196 208 207 205 205 203 187
205 214 212 231 210 210 179 195 155 132 102 206 213 207 206 184
205 212 193 214 210 191 219 188 195 125 133 206 206 207 205 186
204 214 231 235 210 209 206 207 207 132 112 208 205 205 205 182
206 207 221 226 209 209 207 207 208 207 178 207 206 208 205 184
206 213 214 212 211 210 209 209 206 206 206 206 205 206 207 183
207 214 212 207 213 210 211 208 209 208 207 206 208 206 209 183
207 217 214 213 212 210 210 209 208 207 207 205 206 205 204 183

220 221 219 218 217 208 207 206 209 207 211 208 210 208 208 207
214 214 212 215 213 215 215 216 214 217 216 216 216 218 220 215
213 214 214 214 215 216 215 218 216 209 217 216 219 217 217 216
215 213 213 215 216 218 126 218 216 214 209 217 217 217 219 219
213 214 215 216 214 217 217 217 218 213 217 219 218 217 217 216
216 215 215 218 216 217 220 218 219  87 110  96 228 217 218 218
215 214 217 216 215 230 106 143 148 114 108 113 219 217 220 218
213 215 216 216 216 149 229 228 229 170 213 218 219 217 222 221
216 215 217 215 217 210 232 228  87 229 218 218 218 220 221 220
215 217 218 219 220 215 225 231 220 189 231 218 221 220 222 221
219 217 216 218 220 219 220 220 221 221 222 221 221 222 221 222
216 218 219 220 220 221 222 219 220 221 222 222 221 223 225 226
220 218 220 220 199 140 212 137 177 225 226 218 229 225 235 225
217 217 219 220 223 190 144 195 129 185 173 231 207 225 224 226
218 219 218 220 223 222 221 224 223 224 223 225 245 224 226 229
207 207 208 210 211 211 213 213 212 213 212 212 216 216 217 217
210 210 206 202 209 192 194 189 191 188 190 187 191 190 190 190
213 213 211 214 212 214 214 215 213 216 215 215 215 217 219 214
212 213 213 213 214 215 215 219 215 211 218 215 218 216 216 215
214 212 212 214 215 217 160 217 215 219 213 216 216 216 218 216
212 213 214 215 213 216 216 216 217 218 216 218 217 216 216 215
215 214 214 217 215 216 219 217 218  95 116 105 227 216 217 217
214 213 216 215 214 221 117 152 156 123 118 121 218 216 220 217
212 214 215 215 215 149 220 220 220 161 205 217 218 216 219 218
215 214 216 214 216 209 223 219  85 220 214 217 217 219 218 219
214 216 217 218 219 215 225 230 219 188 230 218 219 219 222 220
218 216 215 217 219 218 219 219 220 220 225 221 221 222 220 219
215 217 218 219 219 220 221 218 219 220 222 222 221 223 225 224
219 217 219 219 220 170 227 162 193 239 226 238 236 224 220 225
216 216 218 219 233 214 174 215 163 213 199 235 223 226 224 226
217 218 217 219 222 221 220 223 222 224 222 224 227 224 226 229
207 207 208 210 211 211 213 213 212 213 212 212 217 217 218 218
201 205 201 195 219 187 189 185 187 184 186 182 184 183 183 183
203 203 201 204 202 204 204 205 203 206 205 205 205 207 209 204
202 203 203 203 204 205 207 208 205 207 207 205 208 206 206 205
204 202 202 204 205 206 162 207 205 213 206 205 206 205 208 206
202 203 204 205 203 206 206 206 207 206 206 208 207 206 206 205
205 204 204 206 205 206 209 207 208 102 133 112 178 206 207 207
204 203 206 205 204 210 160 202 196 132 125 132 207 206 208 207
202 204 204 205 205 152 210 209 209 155 195 207 208 206 209 208
205 204 206 204 206 204 211 208  88 195 188 207 207 209 208 209
204 206 206 208 209 204 214 224 209 179 219 206 207 209 211 210
208 206 205 207 209 208 209 209 210 210 191 209 209 210 210 210
205 207 208 209 209 210 211 208 209 210 210 210 209 211 213 212
209 207 209 209 217 172 220 157 187 231 214 235 226 212 207 213
206 206 208 209 226 215 174 210 163 212 193 231 221 214 212 214
207 208 207 209 212 211 210 213 212 214 212 214 207 213 214 217
200 200 201 203 204 204 206 206 205 205 205 204 206 206 207 207

207 215 216 219 216 218 218 221 220 221 222 226 225 226 229 217
208 220 217 219 217 218 220 222 221 222 221 225 235 224 226 217
208 218 217 217 217 217 217 217 220 220 222 223 225 225 224 216
210 216 219 217 218 228 219 219 218 221 221 221 229 207 245 216
208 216 216 217 219  96 113 218 218 218 221 222 218 231 225 212
211 216 217 209 217 110 108 213 218 231 222 222 226 173 223 212
207 217 209 214 213  87 114 170 229 189 221 221 225 185 224 213
209 214 216 216 218 219 148 229  87 220 221 220 177 129 223 212
206 216 218 218 217 218 143 228 228 231 220 219 137 195 224 213
207 215 215 126 217 220 106 229 232 225 220 222 212 144 221 213
208 215 216 218 217 217 230 149 210 215 219 221 140 190 222 211
217 213 215 216 214 216 215 216 217 220 220 220 199 223 223 211
218 215 214 215 216 218 216 216 215 219 218 220 220 220 220 210
219 212 214 213 215 215 217 216 217 218 216 219 220 219 218 208
221 214 214 213 214 215 214 215 215 217 217 218 218 217 219 207
220 214 213 215 213 216 215 213 216 215 219 216 220 217 218 207
190 214 215 216 215 217 217 218 219 220 219 224 225 226 229 218
190 219 216 218 216 217 220 219 218 222 220 225 220 224 226 218
190 217 216 216 216 216 216 216 219 219 222 223 224 226 224 217
191 215 218 216 217 227 218 218 217 219 221 221 236 223 227 217
187 215 215 216 218 105 121 217 217 218 221 222 238 235 224 212
190 215 218 213 216 116 118 205 214 230 225 222 226 199 222 212
188 216 211 219 218  95 123 161 220 188 220 220 239 213 224 213
191 213 215 215 217 218 156 220  85 219 220 219 193 163 222 212
189 215 219 217 216 217 152 220 219 230 219 218 162 215 223 213
194 214 215 160 216 219 117 220 223 225 219 221 227 174 220 213
192 214 215 217 216 216 221 149 209 215 218 220 170 214 221 211
209 212 214 215 213 215 214 215 216 219 219 219 220 233 222 211
202 214 213 214 215 217 215 215 214 218 217 219 219 219 219 210
206 211 213 212 214 214 216 215 216 217 215 218 219 218 217 208
210 213 213 212 213 214 213 214 214 216 216 217 217 216 218 207
210 213 212 214 212 215 214 212 215 214 218 215 219 216 217 207
183 204 205 206 205 207 207 208 209 210 210 212 213 214 217 207
183 209 206 208 206 207 208 209 208 211 210 213 207 212 214 207
183 207 206 205 206 206 206 206 209 209 210 211 212 214 213 206
184 205 208 206 207 178 207 208 207 207 209 209 226 221 207 206
182 205 205 205 208 112 132 207 207 206 209 210 235 231 214 204
186 205 207 206 206 133 125 195 188 219 191 210 214 193 212 205
184 206 207 213 206 102 132 155 195 179 210 210 231 212 214 205
187 203 205 205 207 208 196 209  88 209 210 209 187 163 212 205
185 205 208 207 206 207 202 209 208 224 209 208 157 210 213 206
189 204 207 162 206 209 160 210 211 214 209 211 220 174 210 206
187 204 205 206 206 206 210 152 204 204 208 210 172 215 211 204
219 202 204 205 203 205 204 205 206 209 209 209 217 226 212 204
195 204 203 204 205 206 205 205 204 208 207 209 209 209 209 203
201 201 203 202 204 204 206 204 206 206 205 208 209 208 207 201
205 203 203 202 203 204 203 204 204 206 206 207 207 206 208 200
201 203 202 204 202 205 204 202 205 204 208 205 209 206 207 200
