219 220 220 216 216 212 211 215 211 210 209 208 205 205 207 205
220 232 229 225 226 227 221 226 225 222 207 220 220 218 221 205
217 229 226 226 130 230 123 234 145 125 210 220 221 220 217 208
212 227 226 224 227 132 231 122 126 217 122 220 221 218 219 203
213 225 224 224 225 223 223 222 219 220 222 221 219 217 216 208
218 224 225 220 221 225 222 223 222 222 221 221 218 217 215 207
227 224 222 221 222 219 171 248  91 225 231 217 217 217 218 205
225 222 222 218 220 222 221 234 229 229 221 219 218 214 218 206
253 222 221 219 218 218 232  81 233 241 216 217 215 216 214 213
223 221 218 218 219  93 103 226 148 156 221 220 215 214 214 213
210 220 220 218 220 218  93 219 220 218 216 218 213 213 216 208
210 223 220 217 215 221 217 217 217 216 218 220 214 214 214 208
210 218 217 224 219 218 220 221 219 215 216 215 216 216 213 207
208 219 220 217 219 220 220 220 216 213 216 215 215 214 213 211
212 226 219 219 216 216 217 217 216 217 215 218 217 214 213 219
222 215 212 210 214 209 213 209 214 223 225 229 229 230 221 210
217 218 214 218 217 212 211 217 211 210 209 208 205 205 207 205
217 230 228 224 225 225 224 224 223 220 218 218 218 215 219 205
214 227 226 226 159 245 154 246 169 158 233 218 219 218 215 208
209 225 224 223 226 149 230 193 151 240 145 218 219 215 217 203
210 223 223 223 224 222 222 220 217 218 220 219 217 215 214 208
215 222 223 218 220 224 220 221 220 220 220 219 216 215 214 207
225 222 220 219 219 217 167 249  92 222 229 215 215 215 217 205
224 220 220 216 218 220 214 228 218 218 219 217 216 212 215 206
227 220 218 216 216 216 230  81 222 228 214 214 213 214 213 189
211 219 216 216 217 101 113 224 156 165 219 218 213 212 213 188
197 218 218 215 218 215 100 218 218 216 214 216 211 211 214 184
193 219 218 215 213 219 215 215 215 214 216 218 212 212 212 186
194 215 215 223 217 215 218 222 217 215 214 213 214 214 211 188
191 217 218 215 217 218 218 218 214 214 214 213 214 212 211 196
196 220 217 217 214 214 214 215 214 215 213 216 215 212 211 203
197 192 190 187 194 189 195 193 200 211 213 219 219 218 211 186
207 206 202 206 206 205 203 204 203 203 201 201 198 198 199 197
207 217 215 212 213 214 212 214 213 210 217 207 208 205 209 197
203 214 213 213 156 244 150 243 163 163 229 208 209 207 205 200
199 212 212 210 214 150 218 173 149 243 152 207 209 205 207 195
200 211 210 211 212 209 210 210 207 208 210 209 207 205 204 200
205 212 213 208 207 212 210 211 210 210 207 209 206 205 203 199
215 212 209 209 209 207 166 239  97 212 219 205 205 205 206 197
213 210 210 206 208 209 190 223 208 208 209 207 206 202 205 198
221 210 208 206 206 206 216  87 212 222 203 204 203 204 202 186
203 209 206 206 207 107 122 214 206 207 209 208 203 202 202 185
189 208 208 205 208 208 112 205 208 206 203 206 201 201 204 182
186 209 204 205 202 209 205 205 205 204 206 208 202 202 201 183
186 205 205 210 207 205 208 211 207 207 204 203 203 203 201 186
184 207 208 204 207 207 208 208 203 203 204 203 203 202 201 191
192 211 207 207 204 203 204 205 203 205 203 206 204 202 201 199
194 189 187 184 187 185 191 189 196 205 208 214 214 213 206 185

205 205 208 203 208 207 205 206 213 213 208 208 207 211 219 210
207 221 217 219 216 215 218 218 214 214 216 214 213 213 213 221
205 218 220 218 217 217 217 214 216 214 213 214 216 214 214 230
205 220 221 221 219 218 217 218 215 215 213 214 216 215 217 229
208 220 220 220 221 221 217 219 217 220 218 220 215 215 218 229
209 207 210 122 222 221 231 221 216 221 216 218 216 216 215 225
210 222 125 217 220 222 225 229 241 156 218 216 215 213 217 223
211 225 145 126 219 222  91 229 233 148 220 217 219 216 216 214
215 226 234 122 222 223 248 234  81 226 219 217 221 220 217 209
211 221 123 231 223 222 171 221 232 103  93 217 220 220 217 213
212 227 230 132 223 225 219 222 218  93 218 221 218 220 216 209
216 226 130 227 225 221 222 220 218 219 220 215 219 219 216 214
216 225 226 224 224 220 221 218 219 218 218 217 224 217 219 210
220 229 226 226 224 225 222 222 221 218 220 220 217 220 219 212
220 232 229 227 225 224 224 222 222 221 220 223 218 219 226 215
219 220 217 212 213 218 227 225 253 223 210 210 210 208 212 222
205 205 208 203 208 207 205 206 189 188 184 186 188 196 203 186
207 219 215 217 214 214 217 215 213 213 214 212 211 211 211 211
205 215 218 215 215 215 215 212 214 212 211 212 214 212 212 218
205 218 219 219 217 216 215 216 213 213 211 212 214 214 215 219
208 218 218 218 219 219 215 217 214 218 216 218 213 213 216 219
209 218 233 145 220 220 229 219 214 219 214 216 214 214 213 213
210 220 158 240 218 220 222 218 228 165 216 214 215 214 215 211
211 223 169 151 217 220  92 218 222 156 218 215 217 214 214 200
217 224 246 193 220 221 249 228  81 224 218 215 222 218 215 193
211 224 154 230 222 220 167 214 230 113 100 215 218 218 214 195
212 225 245 149 222 224 217 220 216 101 215 219 215 218 214 189
217 225 159 226 224 220 219 218 216 217 218 213 217 217 214 194
218 224 226 223 223 218 219 216 216 216 215 215 223 215 217 187
214 228 226 224 223 223 220 220 218 216 218 218 215 218 217 190
218 230 227 225 223 222 222 220 220 219 218 219 215 217 220 192
217 217 214 209 210 215 225 224 227 211 197 193 194 191 196 197
197 197 200 195 200 199 197 198 186 185 182 183 186 191 199 185
199 209 205 207 204 203 206 205 202 202 204 201 201 201 201 206
198 205 207 205 205 205 205 202 204 202 201 202 203 202 202 213
198 208 209 209 207 206 205 206 203 203 201 202 203 203 204 214
201 207 208 207 209 209 205 207 204 208 206 208 203 203 206 214
201 217 229 152 210 207 219 209 203 209 203 206 204 204 203 208
203 210 163 243 208 210 212 208 222 207 206 204 207 203 205 205
203 213 163 149 207 210  97 208 212 206 208 205 207 203 203 196
204 214 243 173 210 211 239 223  87 214 205 205 211 208 205 189
203 212 150 218 210 210 166 190 216 122 112 205 208 208 204 191
205 214 244 150 209 212 207 209 206 107 208 209 205 207 203 185
206 213 156 214 212 207 209 208 206 207 208 202 207 207 204 187
206 212 213 210 211 208 209 206 206 206 205 205 210 204 207 184
202 215 213 212 210 213 209 210 208 206 208 204 205 208 207 187
206 217 214 212 211 212 212 210 210 209 208 209 205 207 211 189
207 207 203 199 200 205 215 213 221 203 189 186 186 184 192 194

210 221 230 229 229 225 223 214 209 213 209 214 210 212 215 222
219 213 214 217 218 215 217 216 217 217 216 216 219 219 226 212
211 213 214 215 215 216 213 216 220 220 220 219 217 220 219 208
207 213 216 216 215 216 215 219 221 220 218 219 224 217 218 210
208 214 214 214 220 218 216 217 217 217 221 215 217 220 223 210
208 216 213 213 218 216 218 220 219  93 218 220 218 220 220 210
213 214 214 215 220 221 156 148 226 103  93 219 218 218 221 223
213 214 216 215 217 216 241 233  81 232 218 218 219 221 222 253
206 218 214 218 219 221 229 229 234 221 222 220 218 222 222 225
205 218 217 217 217 231 225  91 248 171 219 222 221 222 224 227
207 215 217 218 221 221 222 222 223 222 225 221 220 225 224 218
208 216 217 219 221 222 220 219 222 223 223 225 224 224 225 213
203 219 218 221 220 122 217 126 122 231 132 227 224 226 227 212
208 217 220 221 220 210 125 145 234 123 230 130 226 226 229 217
205 221 218 220 220 207 222 225 226 221 227 226 225 229 232 220
205 207 205 205 208 209 210 211 215 211 212 216 216 220 220 219
186 211 218 219 219 213 211 200 193 195 189 194 187 190 192 197
203 211 212 215 216 213 215 214 215 214 214 214 217 217 220 196
196 211 212 214 213 214 214 214 218 218 218 217 215 218 217 191
188 211 214 214 213 214 215 217 222 218 215 217 223 215 215 194
186 212 212 212 218 216 214 215 215 215 219 213 215 218 219 193
184 214 211 211 216 214 216 218 218 100 215 218 215 218 218 197
188 213 212 213 218 219 165 156 224 113 101 217 216 216 219 211
189 213 214 213 214 214 228 222  81 230 216 216 216 218 220 227
206 215 212 216 217 219 218 218 228 214 220 218 216 220 220 224
205 217 215 215 215 229 222  92 249 167 217 219 219 220 222 225
207 214 215 216 219 220 220 220 221 220 224 220 218 223 222 215
208 214 215 217 219 220 218 217 220 222 222 224 223 223 223 210
203 217 215 219 218 145 240 151 193 230 149 226 223 224 225 209
208 215 218 219 218 233 158 169 246 154 245 159 226 226 227 214
205 219 215 218 218 218 220 223 224 224 225 225 224 228 230 217
205 207 205 205 208 209 210 211 217 211 212 217 218 214 218 217
185 206 213 214 214 208 205 196 189 191 185 187 184 187 189 194
199 201 202 204 206 203 205 203 205 204 203 204 207 207 211 192
191 201 202 203 203 204 203 203 208 208 207 207 204 208 207 184
186 201 203 203 203 204 207 207 211 208 205 207 210 205 205 186
183 201 202 202 208 206 204 205 205 205 209 202 205 204 209 186
182 204 201 201 206 203 206 208 205 112 208 208 205 208 208 189
185 202 202 203 208 209 207 206 214 122 107 207 206 206 209 203
186 202 204 203 204 203 222 212  87 216 206 206 206 208 210 221
198 205 202 206 207 209 208 208 223 190 209 208 206 210 210 213
197 206 205 205 205 219 212  97 239 166 207 209 209 209 212 215
199 203 205 206 209 207 210 210 211 210 212 207 208 213 212 205
200 204 205 207 209 210 208 207 210 210 209 212 211 210 211 200
195 207 205 209 207 152 243 149 173 218 150 214 210 212 212 199
200 205 207 209 208 229 163 163 243 150 244 156 213 213 214 203
197 209 205 208 207 217 210 213 214 212 214 213 212 215 217 207
197 199 198 198 201 201 203 203 204 203 205 206 206 202 206 207

222 212 208 210 210 210 223 253 225 227 218 213 212 217 220 219
215 226 219 218 223 220 221 222 222 224 224 225 227 229 232 220
212 219 220 217 220 220 218 221 222 222 225 224 226 226 229 220
210 219 217 224 217 218 218 219 218 221 220 224 224 226 225 216
214 216 219 219 215 220 219 218 220 222 221 225 227 130 226 216
209 216 220 218 221 218  93 218 222 219 225 223 132 230 227 212
213 217 220 220 217  93 103 232 221 171 222 223 231 123 221 211
209 217 220 221 217 219 226  81 234 248 223 222 122 234 226 215
214 216 216 219 217 220 148 233 229  91 222 219 126 145 225 211
223 217 213 215 216 218 156 241 229 225 222 220 217 125 222 210
225 215 216 216 218 216 221 216 221 231 221 222 122 210 207 209
229 218 215 215 220 218 220 217 219 217 221 221 220 220 220 208
229 217 215 216 214 213 215 215 218 217 218 219 221 221 220 205
230 214 214 216 214 213 214 216 214 217 217 217 218 220 218 205
221 213 213 213 214 216 214 214 218 218 215 216 219 217 221 207
210 219 211 207 208 208 213 213 206 205 207 208 203 208 205 205
197 196 191 194 193 197 211 227 224 225 215 210 209 214 217 217
192 220 217 215 219 218 219 220 220 222 222 223 225 227 230 218
190 217 218 215 218 218 216 218 220 220 223 223 224 226 228 214
187 217 215 223 215 215 216 216 216 219 218 223 223 226 224 218
194 214 217 217 213 218 217 216 218 219 220 224 226 159 225 217
189 214 218 215 219 215 101 216 220 217 224 222 149 245 225 212
195 214 218 218 215 100 113 230 214 167 220 222 230 154 224 211
193 215 218 222 215 218 224  81 228 249 221 220 193 246 224 217
200 214 214 217 215 218 156 222 218  92 220 217 151 169 223 211
211 215 214 215 214 216 165 228 218 222 220 218 240 158 220 210
213 213 214 214 216 214 219 214 219 229 220 220 145 233 218 209
219 216 213 213 218 216 218 214 217 215 219 219 218 218 218 208
219 215 214 214 212 211 213 213 216 215 216 217 219 219 218 205
218 212 212 214 212 211 212 214 212 215 215 215 215 218 215 205
211 211 211 211 212 214 213 213 215 217 214 214 217 215 219 207
186 203 196 188 186 184 188 189 206 205 207 208 203 208 205 205
194 192 184 186 186 189 203 221 213 215 205 200 199 203 207 207
189 211 207 205 209 208 209 210 210 212 212 211 212 214 217 206
187 207 208 205 204 208 206 208 210 209 213 210 212 213 215 202
184 207 204 210 205 205 206 206 206 209 208 211 210 213 212 206
187 204 207 207 202 208 207 206 208 209 207 212 214 156 213 206
185 203 207 205 209 208 107 206 209 207 212 209 150 244 214 205
191 204 208 208 205 112 122 216 190 166 210 210 218 150 212 203
189 205 208 211 205 205 214  87 223 239 211 210 173 243 214 204
196 203 203 207 205 208 206 212 208  97 210 207 149 163 213 203
205 205 203 207 204 206 207 222 208 212 210 208 243 163 210 203
208 203 204 204 206 203 209 203 209 219 207 210 152 229 217 201
214 206 203 203 208 206 208 204 207 205 209 209 207 208 207 201
214 204 203 203 202 201 203 203 206 205 206 207 209 209 208 198
213 202 202 203 202 201 202 204 202 205 205 205 205 207 205 198
206 201 201 201 201 204 202 202 205 206 203 204 207 205 209 199
185 199 191 186 183 182 185 186 198 197 199 200 195 200 197 197
